采纳 3 点全指标快表（.G2 五种子；test metrics 全键；mean±std）

===== linksign RT 15/3（采纳）（n=5）=====
metric              seed42   seed123   seed456   seed789  seed1024      mean      std
acc                 0.9133    0.8975    0.9032    0.8978    0.9043    0.9032   0.0064
ap                  0.7185    0.7128    0.7112    0.7144    0.7202    0.7154   0.0038
auc                 0.9396    0.9362    0.9344    0.9373    0.9395    0.9374   0.0022
auc_wt              0.9774    0.9762    0.9755    0.9765    0.9775    0.9766   0.0008
exist_f1            0.6667    0.6667    0.6667    0.6667    0.6667    0.6667   0.0000
exist_precision     0.5001    0.5000    0.5000    0.5001    0.5000    0.5000   0.0001
exist_recall        1.0000    1.0000    1.0000    1.0000    1.0000    1.0000   0.0000
f1_mac              0.6973    0.6973    0.6939    0.6991    0.7063    0.6988   0.0046
f1_mic              0.9133    0.8975    0.9032    0.8978    0.9043    0.9032   0.0064
f1_wt               0.9115    0.9035    0.9058    0.9039    0.9083    0.9066   0.0033
mcc                 0.8424    0.8170    0.8254    0.8176    0.8282    0.8261   0.0103
precision_neg       0.2012    0.1926    0.1830    0.1919    0.2160    0.1969   0.0124
precision_pos       0.8977    0.8999    0.8973    0.9012    0.9024    0.8997   0.0022
recall_neg          0.1831    0.2387    0.2057    0.2500    0.2498    0.2255   0.0298
recall_pos          0.9078    0.8653    0.8822    0.8643    0.8796    0.8798   0.0176
sign_f1             0.9025    0.8819    0.8896    0.8821    0.8906    0.8893   0.0084
thr_exist           0.0800    0.0100    0.1300    0.1200    0.1300    0.0940   0.0513
thr_sign            0.4700    0.5700    0.4900    0.5600    0.4800    0.5140   0.0472

===== linksign RB 60/1（采纳·边缘）（n=5）=====
metric              seed42   seed123   seed456   seed789  seed1024      mean      std
acc                 0.9523    0.9498    0.9505    0.9337    0.9475    0.9468   0.0075
ap                  0.6799    0.6793    0.6851    0.6951    0.6962    0.6871   0.0081
auc                 0.9134    0.9154    0.9184    0.9293    0.9293    0.9212   0.0076
auc_wt              0.9780    0.9785    0.9793    0.9820    0.9822    0.9800   0.0020
exist_f1            0.6667    0.6709    0.6670    0.6841    0.6777    0.6733   0.0075
exist_precision     0.5000    0.5049    0.5004    0.5202    0.5127    0.5076   0.0087
exist_recall        1.0000    0.9997    0.9997    0.9997    0.9997    0.9998   0.0001
f1_mac              0.6630    0.6596    0.6682    0.6874    0.6847    0.6726   0.0127
f1_mic              0.9523    0.9498    0.9505    0.9337    0.9475    0.9468   0.0075
f1_wt               0.9439    0.9423    0.9436    0.9370    0.9437    0.9421   0.0029
mcc                 0.9100    0.9052    0.9065    0.8766    0.9011    0.8999   0.0134
precision_neg       0.0784    0.0512    0.1108    0.1275    0.1439    0.1024   0.0375
precision_pos       0.9315    0.9309    0.9322    0.9365    0.9354    0.9333   0.0025
recall_neg          0.0276    0.0234    0.0399    0.1486    0.0972    0.0673   0.0542
recall_pos          0.9689    0.9639    0.9643    0.9202    0.9535    0.9542   0.0198
sign_f1             0.9498    0.9470    0.9479    0.9282    0.9443    0.9434   0.0087
thr_exist           0.0100    0.0100    0.0300    0.0100    0.0100    0.0140   0.0089
thr_sign            0.4900    0.5200    0.5800    0.5000    0.4500    0.5080   0.0476

===== sign RT 60/3（采纳）（n=5）=====
metric              seed42   seed123   seed456   seed789  seed1024      mean      std
acc                 0.8870    0.8863    0.8870    0.8867    0.8870    0.8868   0.0003
ap                  0.9377    0.9444    0.9380    0.9403    0.9422    0.9405   0.0028
auc                 0.6589    0.6913    0.6647    0.6747    0.6786    0.6736   0.0126
balanced_acc        0.5026    0.5019    0.5010    0.5011    0.5034    0.5020   0.0010
f1_binary           0.9400    0.9396    0.9400    0.9398    0.9399    0.9399   0.0002
f1_macro            0.4756    0.4749    0.4723    0.4727    0.4776    0.4746   0.0022
f1_weighted         0.8352    0.8349    0.8346    0.8345    0.8359    0.8350   0.0006
mcc                 0.0231    0.0191    0.0102    0.0098    0.0320    0.0188   0.0093
precision           0.8875    0.8874    0.8873    0.8872    0.8878    0.8874   0.0002
recall              0.9993    0.9985    0.9996    0.9993    0.9989    0.9991   0.0004
thr                 0.3208    0.2533    0.2916    0.3594    0.3967    0.3244   0.0561

